	V1	V2	V3	V4	V5	V6	V7	V8	V9	V10	V11	V12	V13	V14	V15	V16	V17	V18	V19	V20	V21	V22	V23	V24	V25	V26	V27	V28	V29	V30	V31	V32	V33	V34	V35	V36	V37	V38	V39	V40	V41	V42	V43	V44	V45	V46	V47	V48	V49	V50	V51	V52	V53	V54	V55	V56	V57	V58	V59	V60	V61	V62
Adipocytes	1	1	1	1	0	1	0	0.96459	0.05285	0	0	1	1	0.34794	0	0.0814866666666667	0.338776666666667	0	0.00228666666666666	0.696013333333333	1	1	0	1	0	0.637463333333333	1	0	0.1639	0.4095	1	1	1	0.17693	0.123913333333333	1	0.0248633333333333	1	0.621146666666667	1	1	1	1	0.129596666666667	0.757853333333333	0.0731000000000001	1	1	0.0784633333333333	0.00961999999999996	1	1	1	0.05676	0	0.000173333333333359	0.39959	1	0.0127833333333334	0	0.757853333333333	0.0855233333333333
Astrocytes	1	1	1	0.00883999999999996	1	1	0.49366	1	0.31508	0.305193333333333	1	1	1	1	0.06674	0.24132	1	1	0.0516266666666667	1	0	0.294053333333333	1	0.37359	0.0928866666666667	0.130396666666667	0.0250533333333334	1	1	1	1	1	1	0.23052	0.0672	1	1	1	1	0.238663333333333	0.113146666666667	1	1	0.262046666666667	1	1	1	1	0	0.31612	0.287973333333333	1	1	0.321856666666667	1	1	0.249656666666667	0.253473333333333	1	0.0235133333333334	1	1
B-cells	0.696383333333333	0	1	0.0626100000000001	0.00952666666666668	1	0.0610966666666667	0.0401633333333333	0.252466666666667	0.00306666666666666	0	0.1052	0.05506	0.12484	0.0769533333333333	0.247653333333333	1	0	9.99999999995449e-06	0.02147	0	0.02147	0	0	0.01211	0.104386666666667	0.0035033333333333	0.42031	1	0.106996666666667	0	1	1	1	0.00783	0.189853333333333	0.244333333333333	0.125793333333333	1	0	0.00249999999999995	0.0388033333333333	0.00827666666666671	0	0.0135866666666666	0.158526666666667	0.337933333333333	0.0319933333333333	0	0.588236666666667	0.57772	1	0.0222466666666666	0	1	0	0.26257	0	0.329953333333333	0.01894	0.01949	0.893543333333333
Basophils	0.08384	0.25433	0.43715	1	0.469296666666667	0.161153333333333	0.445333333333333	1	1	0.612673333333333	0.221773333333333	1	0.442283333333333	0.400476666666667	0.213583333333333	0.705686666666667	0.66614	0.440106666666667	1	0.409806666666667	1	0.53593	0.159493333333333	1	0.855583333333333	1	1	0.601193333333333	0.20237	0.28127	0.30469	0.244163333333333	0.150456666666667	0.4203	1	0.19358	1	0.261913333333333	0.220486666666667	1	1	0.316316666666667	0.881216666666667	0.141443333333333	1	0.509083333333333	0.292123333333333	0.147823333333333	1	0.36269	1	0.0943866666666666	0.243533333333333	1	1	0.2754	1	0.388716666666667	1	1	0.182116666666667	0.15686
CD4+ T-cells	0.164636666666667	1	0.628406666666667	0.39263	0.577556666666667	0.5463	0.590743333333333	0.4691	1	0.109893333333333	0.560826666666667	0.442883333333333	0.52996	0.373433333333333	0.44153	0.07498	1	0.33067	0.325433333333333	0.164036666666667	0.0170166666666667	0.104403333333333	0.631313333333333	1	0.219106666666667	0.20871	0.15898	1	0.63474	0.237886666666667	0.143913333333333	1	0.311266666666667	0.65739	0.28953	0.426226666666667	0.43951	0.59909	0.388853333333333	0.07782	0.444203333333333	0.406896666666667	0.424986666666667	0	0.133636666666667	0.512753333333333	0.43951	0.151403333333333	0.236626666666667	0.197663333333333	0.595153333333333	0.544726666666667	0.11694	0.0234166666666666	1	0.295523333333333	0.56231	0.107303333333333	0.63003	0.575083333333333	0.376696666666667	0.50489
CD4+ Tcm	0	0.12622	1	1	1	0	0.192956666666667	1	0.233203333333333	1	0.0190533333333334	1	1	1	1	0.20038	0.18946	0	1	1	0.0601166666666667	0.318416666666667	0.0370366666666667	0.142973333333333	1	0.0227933333333333	1	1	0.00205333333333335	1	1	1	0.000743333333333318	0.144796666666667	1	0	1	1	0.08497	0.0345733333333333	1	1	1	0.0297666666666667	0.0196566666666667	0.10773	0.0396333333333333	0	1	0	0.0330366666666667	0	1	0.07306	0.220463333333333	0.314526666666667	0.111893333333333	0.240873333333333	1	1	1	1
CD4+ Tem	1	0.00256333333333336	1	1	1	1	1	1	0.669396666666667	1	1	1	1	1	1	1	0.49422	0.521646666666667	1	1	0.29679	1	0.0168333333333334	0.0480466666666667	1	1	1	0.45521	1	0.526396666666667	0.32711	1	0.317016666666667	1	1	0.222953333333333	1	1	0.305683333333333	0.0464366666666667	1	0.476403333333333	1	0.68423	0.633523333333333	0.646093333333333	1	0.585663333333333	0.475486666666667	1	0.747993333333333	0.18173	1	0.3163	1	1	0.676033333333333	0.80868	1	1	1	0.56568
CD4+ memory T-cells	0.54051	1	0.43769	0.794993333333333	0.333876666666667	1	0.7086	0.123603333333333	1	0.02144	0.66591	0.461796666666667	0.57647	0.420573333333333	0.90921	0.224143333333333	0.88132	0.629963333333333	0.300246666666667	0.0764666666666667	0.18589	0.470483333333333	1	1	0.593103333333333	0.367006666666667	0.111136666666667	1	0.875586666666667	0.206216666666667	0.374823333333333	0.85939	0.83526	0.43769	0.156596666666667	0.699203333333333	0.50642	0.461276666666667	0.59784	0.525133333333333	0.75053	0.26178	0.24041	0.0879733333333333	0.209186666666667	0.912756666666667	0.23887	0.80969	0.257683333333333	0.786633333333333	0.31352	1	0.52695	0.0708233333333333	1	0.2594	0.765916666666667	0.224143333333333	0.559306666666667	0.97688	0.10919	0.488663333333333
CD4+ naive T-cells	0.71002	0.111583333333333	1	1	0.512616666666667	0.225236666666667	1	1	1	1	1	1	1	1	0.0359833333333334	0.268676666666667	1	1	0.21494	1	0	0.0451066666666666	0.09384	0.576283333333333	0.13628	0.608173333333333	0.07882	1	1	0.44276	0.0464666666666667	1	1	0.50221	0.478026666666667	0.917636666666667	1	0.560466666666667	1	0.00311666666666666	0.375233333333333	1	1	0.00660000000000005	0.805346666666667	0.3471	1	0.772326666666667	0	0.448123333333333	0.7907	0.1731	0.38846	0.71002	1	1	1	0.0091633333333333	1	0.168073333333333	1	1
CD8+ T-cells	1	0.41223	0.641863333333333	1	0.381843333333333	0.401626666666667	0.286696666666667	1	1	1	0.273813333333333	1	1	1	0.0154233333333333	0.8594	0.31242	0.0527566666666667	0.88048	1	0.126206666666667	0.518883333333333	0.273813333333333	1	0.276993333333333	0.330416666666667	1	1	0.171063333333333	0.696946666666667	0.442083333333333	1	0.545553333333333	1	1	1	0.400173333333333	1	0.9173	0.136436666666667	1	0.50969	0.96086	0.0383566666666667	0.213456666666667	0.65401	1	0.584386666666667	0.2503	0.303413333333333	0.218116666666667	0.12765	1	0.471323333333333	1	0.177046666666667	1	0.0393	1	1	1	0.9173
CD8+ Tcm	1	1	1	0.947523333333333	1	1	1	0.30876	1	0.421863333333333	1	1	0.53388	0.739896666666667	1	1	1	1	1	1	0.198106666666667	1	1	1	1	1	0.566046666666667	1	1	1	0.21313	1	1	1	0.431296666666667	1	1	1	0.88628	0.908093333333333	0.64398	0.75466	0.872923333333333	0.14643	0.29724	1	0.81787	1	0.404203333333333	1	1	0.7122	1	0.276266666666667	1	1	1	0.218136666666667	1	1	0.436933333333333	0.14137
CD8+ Tem	1	0.32371	1	1	1	0.601886666666667	1	1	0.834663333333333	1	1	1	1	1	0.419043333333333	1	1	1	1	1	0.71421	1	0.274443333333333	1	1	1	1	1	1	1	1	1	1	1	1	1	1	1	1	0.57591	1	1	1	0.278796666666667	0.66827	0.960533333333333	1	1	0.379276666666667	0.864083333333333	1	0.01977	1	0.79623	1	1	1	0.787893333333333	1	1	1	1
CD8+ naive T-cells	0	0	6.66666666671034e-06	1	0.0055466666666667	0	0	0	0.00309666666666664	0	0	0.00365333333333329	0	0	0	0	0	0	0.00843666666666665	0.00748666666666664	0.00438666666666665	1	0	0.000560000000000005	0	0	1	0	0	0.01753	0	0.000233333333333308	0	0	1	0	0	0.547953333333333	0	0.000879999999999992	1	0	0.0357866666666666	0	1	0	0	0	1	0	0.0234066666666667	0	0	0.000213333333333288	0	0	0.0664466666666667	0	0.0035033333333333	0.195326666666667	0.00971999999999995	0.000333333333333297
CLP	0.0163633333333333	0	0.0013333333333333	0.27789	0	0.00529666666666662	0	0	0.07957	0	3.33333333333297e-05	0	0	0	0	0.261966666666667	0	0.00815333333333335	6.66666666671034e-06	0	0.103416666666667	1	0	0.32184	0.0123466666666666	0	0.08117	0	0.297896666666667	0.451803333333333	0	0	0.00963999999999998	0.00268666666666662	0	0.03533	0.00331666666666663	0.0176733333333333	0	0	0.11428	0	0	0.0262033333333334	0	0	0	0.34812	0	0.96146	0.00127333333333335	0	0	0.00354333333333334	0	0	0.0620566666666666	0.00425666666666669	0.0772433333333333	0.0926033333333334	0	0
CMP	0.131143333333333	0.349733333333333	1	0.745383333333333	0.545436666666667	0.0895033333333334	0.164863333333333	1	1	0.73429	1	1	1	0.321123333333333	0.112946666666667	0.178563333333333	1	0.171646666666667	0.127383333333333	0.562973333333333	1	0.0880733333333333	1	1	0.153623333333333	1	0.945013333333333	0.787843333333333	0.78397	0.0632266666666667	1	1	0.210996666666667	1	1	0.202873333333333	1	0.109996666666667	0.653486666666667	0.376903333333333	0.27764	1	0.63824	1	1	0.678946666666667	0.167943333333333	0.0496233333333334	1	0.113906666666667	1	1	0.851703333333333	0.37031	1	0.35601	0.76046	1	0.62015	1	0.160993333333333	1
Chondrocytes	0	0.346956666666667	1	0	0	0.178753333333333	0	0	0	1	0.16448	0.0182766666666667	1	1	0	0	0.0113166666666666	0	0	1	0	0	0.0461666666666667	0	0	0	0	0.0119066666666666	0.0124133333333334	0.0132133333333333	0	0	1	0	0	0.466243333333333	0.01795	0	0	0	0	1	0.00570333333333328	1	0	1	1	1	0	0.0249566666666666	0	1	1	0.0127366666666666	0	0	0.00128666666666666	0	0	0	0.000166666666666648	1
Class-switched memory B-cells	0.0155666666666666	0	0	0.0387766666666667	0.122943333333333	0	0.415923333333333	0	0	0.185536666666667	0	1	0.03194	0	1	0	0.00761999999999996	0	0	0.00653999999999999	0	0	0.000133333333333319	0	1	0	0	1	0.49969	0	0	1	0.0180133333333333	0.18111	0	0	0.00296333333333332	0	0	0	0	0.577953333333333	0	0	0	0.087	0.0860933333333334	0	0	0	0	1	0	0	1	0	0	0	0	0.0375333333333333	1	0.000323333333333342
DC	0.170266666666667	0	0.249126666666667	0.0794066666666666	0	0.00568333333333337	0.0661266666666667	0.480466666666667	0.00626000000000004	0	0.320826666666667	0.00836000000000003	0.0661266666666667	0.136916666666667	0.0263933333333334	0.0313966666666666	0.0476766666666667	0	0.00296333333333332	0.02293	0	0.00243333333333329	0	0	0	0	0	0	0.273356666666667	0.00173333333333336	0	0.766693333333333	1	0.0991766666666667	0	0.814103333333333	0.09692	0	0.151593333333333	0	0	0	6.66666666671034e-06	0	0	0	1	0.830373333333333	0	0.485973333333333	0	0	0.00836000000000003	0	0.0754666666666667	0.0688333333333333	0.02175	0	0	0	0.18884	0.758776666666667
Endothelial cells	0	0	0	0	0	0	0	1.33333333333097e-05	0	0	1	0	0	0	0	0	1	0	0	1	0	0	0	0	0	0	0	0	0	0	0	0	0	0	0	0	0	0	0.00175999999999998	0	0	0	1	0	0	0	0	0	0	0	0	0	3.33333333335517e-06	0	0	0	0	0	0	0	0	0
Eosinophils	0.758443333333333	0.0279133333333333	0.387136666666667	0.10427	0.50575	0.11657	0.295116666666667	0.93461	0.0456733333333333	1	1	0.136713333333333	0.487813333333333	0.601333333333333	0.379546666666667	0.0482533333333334	0.09584	1	0.55628	0.729056666666667	0.0267566666666667	0.12171	0.142643333333333	0.0143466666666666	0.460513333333333	0.200783333333333	0.15241	0.313656666666667	0.109843333333333	0.356156666666667	0.0974566666666666	0.354966666666667	0.479956666666667	0.0367533333333333	0.163983333333333	0.09437	0.0341066666666666	0.2178	0.27574	0.292453333333333	0.113716666666667	0.677796666666667	0.276686666666667	0.462213333333333	0.0906766666666666	0.0960733333333333	0.26968	0.111103333333333	0.295116666666667	0.133183333333333	0	0.223076666666667	0.23532	0.373716666666667	0.295116666666667	1	0.167976666666667	0.0573966666666667	0.0510066666666666	0.02244	1	0.71057
Epithelial cells	0	0	0	0	1	0	0	0	0	0	0	0	0	0	0	0	0	0	0	0	0	0	0	0	1	0	0	0	0	0	0	0	0	0	0	0	0	0	0	0	0	0	0	0	0	0	0	0	0.36516	0	0	0	0	0	0	0	0	0	0	0	0.282793333333333	0
Erythrocytes	0.14785	1	0.0990266666666667	1	1	1	1	0	0.00102999999999998	0.00163000000000002	0.0116366666666666	0.0025033333333333	0.0245866666666666	0.0319666666666667	1	1	0.143523333333333	0.473886666666667	0.32373	0.00170333333333328	1	0.000153333333333339	1	0.0406533333333333	1	0.0147	1	0.0123133333333333	1	1	1	1.33333333333097e-05	0.0200266666666666	1	0.523463333333333	0.0609	0.00117333333333336	1	0.01391	1	0.384146666666667	0.00640333333333332	0.0176233333333333	0.108223333333333	1	0.01376	1	1	0.209793333333333	1	0.0214933333333334	0.0119833333333333	0.0348633333333334	1	0.00680333333333338	1	0.0245866666666666	0.802483333333333	0.89006	1	1	0.0065466666666667
Fibroblasts	1	1	1	0.00059666666666669	0	0.6118	0	1	1	0.227366666666667	0.00459333333333334	1	1	1	0	0	1	0	0	1	1	1	0	0.358756666666667	0	1	0.0217133333333334	1	1	0	0	0.116946666666667	1	0	0.00531999999999999	1	1	0.248113333333333	0.03227	0.0219833333333334	0	1	1	1	0.00338000000000005	0.19666	1	1	0	0.00640333333333332	0	1	1	0	0.00375333333333339	0	0.224736666666667	0.272796666666667	0	0	0	1
GMP	0.75561	1	1	0.743433333333333	0.145746666666667	1	0.32518	0.6109	1	0.195576666666667	0.727976666666667	1	1	0.742353333333333	0.36248	0.502606666666667	1	0.216846666666667	0.275463333333333	0.339046666666667	1	0.909703333333333	1	1	0.01019	0.498303333333333	0.178153333333333	0.622533333333333	0.529863333333333	0.182156666666667	0.719626666666667	1	1	0.824306666666667	0.263783333333333	1	0.886433333333333	0.43173	1	0.718563333333333	0.68654	0.48864	0.503536666666667	1	0.722673333333333	0.8915	0.45776	0.53158	0.68354	0.549533333333333	0.647946666666667	1	0.605103333333333	0.288013333333333	0.83914	0.13771	0.807543333333333	0.470523333333333	0.63314	0.893246666666667	0.13328	0.960546666666667
HSC	0.355606666666667	0.18371	0.576243333333333	0.0483766666666666	0	0.80863	0	0.488303333333333	0.195103333333333	0.103763333333333	0.36116	0.750366666666667	1	1	0	0	0.368823333333333	0.211646666666667	0	1	0.0449866666666666	0.22888	0	0.0479033333333333	0	0.00265333333333329	0	0.0458666666666666	0.390193333333333	0.110346666666667	0	0.0926900000000001	1	0.00582333333333329	0.000569999999999959	0.365923333333333	1	0.164763333333333	0.178886666666667	0	1	0.605356666666667	1	0.562786666666667	0.242946666666667	0.265286666666667	0.341036666666667	1	0	0.365923333333333	0.01715	1	0.41455	0.0902500000000001	0.000410000000000021	0.116603333333333	0.343693333333333	1	0.160893333333333	0.0974133333333334	0.00419333333333338	1
Hepatocytes	1	0	0	0	0	0	0	0.0343133333333333	0.00882000000000005	0	0	0.345206666666667	0	0	0	0	0	0	0	0	1	0.00386333333333333	0	0	0	0	0	0	0	0	0	0	0.00750333333333331	0	0	0	0.00236333333333338	0.404096666666667	0	1	0	0	0	1	0.520026666666667	0	0	0.0390366666666667	1	0	0.251393333333333	0	0	0	0	0	0	0	0	0.315543333333333	0	0
Keratinocytes	0	0	0	0	1	0	0	0	0	0	0	0	0	0	0	0	0	0	0	0	0	0	0	0	1	0	0	0	0	0	0	0	0	0	0	0	0	0	0	0	0	0	0	0	0	0	0	0	0	0	0	0	0	0	0	0	0	0	0	0	0.00158999999999998	0
MEP	0.470233333333333	0.00195333333333336	0.0922733333333333	1	0.07372	0.102803333333333	1	0.13587	0.29938	1	0.13861	0.0125833333333333	0.05117	0.08579	0.0607799999999999	1	0	1	1	0.0678800000000001	1	1	0.00892333333333328	0.12173	1	0.362866666666667	1	0	1	1	1	0.122733333333333	0.02384	1	1	0.09511	0.68263	0.24254	0.143816666666667	1	1	0.0169266666666666	0.0812266666666667	1	0.211613333333333	0.314446666666667	0.142606666666667	1	1	1	0.09698	0.01	0.148336666666667	1	0.16075	0.181103333333333	1	0.386866666666667	1	1	1	0.06933
MPP	0.99755	0.00768666666666662	1	1	0.488793333333333	0.443316666666667	1	1	1	0.995696666666667	0.834013333333333	1	0.6902	0.647413333333333	0.32863	1	0.867033333333333	0.48752	1	0.913633333333333	0.03468	0.75682	0.0296833333333333	0.370616666666667	0.713443333333333	1	1	0.366763333333333	1	0.787663333333333	0.0842033333333333	1	1	1	1	1	1	0.786886666666667	1	0.12127	0.301833333333333	0.359663333333333	0.849866666666667	0.281703333333333	0.74526	0.63965	1	1	0.361736666666667	1	1	0.378213333333333	0.700533333333333	0.54384	1	0.790133333333333	1	0.0607733333333333	1	0.356933333333333	0.815553333333333	0.919286666666667
MSC	0.00458666666666663	0	0.000306666666666677	0.688783333333333	0	0	0.162883333333333	0	0	0	0	0	0	0	0	0.10978	0	0.01151	0.17452	0.0248633333333333	1	0.0248633333333333	0	0	0.000850000000000017	0.000876666666666637	1	0	0	0.00746666666666662	0	0	0	0.0476666666666666	1	0	0	0.0927	0	0.122616666666667	0	0	0.159333333333333	0.185086666666667	0	0	0	0	0	0	0	0	0	0	0.00734333333333337	5.33333333333497e-05	0	0	0	0.18856	0.0296166666666666	0
Macrophages	0.114616666666667	0	1	1	0.0343633333333333	0.51231	0.0439033333333333	0.0214533333333333	0.0230733333333333	0	0.0236933333333333	0.0228266666666667	0.0129633333333333	0.0229433333333333	1	1	0.00119000000000002	0.000146666666666628	0.157543333333333	0.0493233333333334	0.00886333333333333	0.309893333333333	0.00597999999999999	0.0533933333333333	0.00334666666666672	0.640616666666667	0.05158	0	0.279933333333333	0.35578	0.107483333333333	0.00802999999999998	0.261096666666667	0.0371	0.195756666666667	0.144756666666667	0.03248	0.21719	0.0114066666666667	0.0431166666666667	0.000296666666666612	0	0.0445266666666667	0.241283333333333	0.115836666666667	0.03208	0.0509566666666667	0.40307	0	0.711586666666667	0.814503333333333	0.152986666666667	0.000113333333333299	0.0678166666666666	0.00786333333333333	0.00881333333333334	0.0289199999999999	0.629656666666667	0.0561633333333333	0.106383333333333	0.04625	0.02725
Macrophages M1	1	0	1	1	0.138236666666667	0.721206666666667	0.482493333333333	0.68153	1	0.00617666666666672	0.71476	0.562366666666667	0.728193333333333	1	0.893793333333333	1	1	0.170286666666667	0.207693333333333	1	1.66666666666648e-05	0.901663333333333	0.00180666666666662	0.415103333333333	9.99999999995449e-06	1	0.39545	0.00270666666666664	0.317403333333333	0.0548733333333333	0.119846666666667	0.121956666666667	0.420263333333333	1	1	0.128596666666667	0.748413333333333	1	0.0178199999999999	0.135723333333333	0.000613333333333355	0.01151	1	0.687953333333333	1	0.231696666666667	1	1	0.0233066666666667	0.75519	1	0.101336666666667	0.00139666666666671	0.13104	0.352853333333333	0.0321633333333333	0.522056666666667	0.941473333333333	1	0.0838766666666667	1	1
Macrophages M2	0	0	0.0537566666666667	1	0	0.000636666666666619	0.0504366666666667	3.33333333335517e-06	0	0	0	0	0	0	0.35915	0.421606666666667	0	0	0.147566666666667	0.000433333333333286	0.0778466666666666	0.90386	0	0.0272	0.00726000000000004	0.197873333333333	0.297686666666667	0	1	0.434906666666667	0.04806	0	0.0461033333333334	0	0.05462	0.0415	0	0.0866466666666666	0.02013	0.12942	9.33333333332786e-05	4.000000000004e-05	0.00461333333333336	1	0.03451	0.00393333333333334	0	0.00393333333333334	0	0.13214	0.892066666666667	0.00529333333333337	0.00107666666666661	0.31442	0	0	6.66666666671034e-06	0.123333333333333	0	0.0178333333333334	0.00819999999999999	0
Mast cells	0	0.38871	0	0	0	0.00387333333333328	0.00127333333333335	0	0.00971	0	0.00971	0.000160000000000049	0.00870666666666664	0	0.000333333333333297	0	0.00814999999999999	0	0	0	0.311593333333333	0	1	0.427393333333333	0.00694666666666666	1.66666666666648e-05	0.00694666666666666	0.274496666666667	7.66666666666138e-05	0	0.00300333333333336	0.0418500000000001	0	0	0.00112000000000001	0.000436666666666641	0	0	0	0	0.000210000000000043	0	0	0	0	0.00594666666666666	0	0	0.0653	0	0.01366	1	0	0	0.4208	0	0.00121333333333329	0	0	0.01808	0	0
Megakaryocytes	0.302093333333333	1	0.22413	0.17366	0.0375433333333334	0.69254	0.00712666666666661	1	0.97418	0.365546666666667	0.960313333333333	1	1	0.371516666666667	1	0.184593333333333	1	0.027	0.388416666666667	1	0.318546666666667	1	0.6683	1	0.01368	0.314533333333333	0.154266666666667	0.9231	0.0311866666666667	0.306123333333333	0.222006666666667	0.44269	0.105046666666667	0.0257366666666666	0.09336	0.288826666666667	0.368433333333333	0.2421	0.63791	0.1497	0.06979	1	1	0.22413	0.46226	0.25031	0.00426000000000004	0.000363333333333382	0.69639	0.278616666666667	0.246833333333333	1	0.10687	0.160176666666667	0	0.421483333333333	0.182646666666667	1	0.136136666666667	0.07464	0	0.857766666666667
Melanocytes	1	0.426296666666667	0.184056666666667	0	0.00606666666666666	0.0361266666666666	0.913323333333333	0.494946666666667	0	0.16472	0.84258	0	0.1376	0	0.961956666666667	0.00220333333333333	0	0.98375	0.83367	0	0.00187333333333328	0.0588066666666667	0	0.0127166666666667	0.76352	0.0695266666666666	0.924583333333333	0	0.46017	0.220043333333333	1	0.416756666666667	0.0127166666666667	1	0	0.0256266666666667	0	0	0.00666999999999995	0.00382333333333329	0	0.66446	0.26506	0	0	0.14938	0.810603333333333	0	0	0.00774666666666668	0.618253333333333	0	0.68439	0.00112333333333337	0.62349	1	0	0.121773333333333	0	0.130666666666667	1	0
Memory B-cells	1	0.000210000000000043	1	1	0.279856666666667	1	1	1	1	1	0.0696466666666666	1	1	1	1	1	1	0.0720833333333334	1	1	0	1	0	0.000736666666666719	0.00241333333333338	1	1	0.90626	1	1	0.000193333333333379	1	1	1	1	1	1	1	1	0.00341999999999998	0.723173333333333	1	1	0.06001	1	1	1	1	0	1	1	1	1	0.00139999999999996	1	1	1	0.00180999999999998	1	1	1	1
Mesangial cells	0.0193166666666666	0.0193166666666666	0	0	1	1	0.0688933333333334	1	1	1	1	1	1	1	0	1	0.0623266666666666	1	0.751243333333333	0.267833333333333	0	0.17643	0.0193166666666666	0.113506666666667	0	0.39561	0	1	1	1	0.10424	0.58518	1	0	0.00923333333333332	0.123056666666667	0.00229999999999997	0.07241	1	0	0.0121599999999999	1	1	0	0.000376666666666692	0.052	1	0.00205666666666671	0	0.139126666666667	0.947403333333333	0.03681	1	1	0.0147966666666667	1	0.0672566666666666	0.0444600000000001	0.125506666666667	0	1	1
Monocytes	1	0.509056666666667	1	1	0.16379	1	0.161813333333333	1	1	0.243483333333333	1	1	0.34533	1	0.26225	1	1	0.469503333333333	0.159996666666667	1	1	1	1	1	0.280356666666667	1	1	0.13527	1	1	1	1	1	1	1	1	1	0.601183333333333	0.873043333333333	0.169203333333333	0.245956666666667	0.200756666666667	1	1	1	0.78424	0.285676666666667	1	0.0898633333333333	1	1	0.564796666666667	1	1	1	0.340893333333333	1	1	1	0.15404	0.658666666666667	1
Myocytes	0.00222999999999995	1	0.54628	0.02184	1	1	0	0.0204466666666666	1	0.05655	0	0.802696666666667	1	0.0367533333333333	0.0147266666666667	0	1	0	0	0.107543333333333	0	0.0783833333333334	0	1	0	0.15404	1	1	0	0.165236666666667	1	0.38978	1	1	0	1	0	0	1	1	0.276663333333333	1	0	0	0.136276666666667	1	0	1	1	0.69738	1	1	1	0.07412	0	0	0.515436666666667	0.69738	0.0552933333333333	0.0492133333333333	0	0.05155
NK cells	1	1	0.817473333333333	0.882876666666667	1	1	1	0.447413333333333	1	0.26747	1	0.819393333333333	0.897073333333333	0.640926666666667	1	0.95914	0.95914	1	0.83297	0.817473333333333	1	1	1	1	1	1	0.510683333333333	1	1	1	1	1	1	1	0.50503	1	1	0.71937	1	1	1	0.721033333333333	0.432336666666667	0.308893333333333	0.53956	1	0.700906666666667	1	1	1	1	0.60553	1	1	1	1	1	1	1	1	0.168826666666667	0.63954
NKT	0.0381466666666667	0	0.20634	0.231813333333333	0.09391	0.0152833333333333	0.0424	0.1908	0.09748	0.88598	0.0900166666666666	0.0900166666666666	0.109736666666667	0.351276666666667	0	0.719366666666667	0.04905	0.12322	0.266673333333333	0.140056666666667	0	0.1283	0	0	0.000393333333333357	0.80192	0.211093333333333	0.00052333333333332	0.110426666666667	0.24038	0	0.02029	0.182403333333333	0.06963	1	0.10202	0.181933333333333	0.18656	0.21667	0.0620766666666667	0.05959	0.319973333333333	0.379106666666667	0.321276666666667	0.774793333333333	0.0416366666666667	0.46455	0.60776	0.155256666666667	0.485043333333333	0.3103	0.00219333333333338	0.24374	0.210456666666667	0	0.0932266666666667	0.108266666666667	0.0158666666666667	0.46225	0.000866666666666682	1	0.17806
Neurons	0.55291	0.91785	0.00280666666666662	0	0	0.21077	0	0.0118433333333333	0	0.190566666666667	0.00432999999999995	0.516883333333333	0.0643366666666667	0	0	0	0	0.565636666666667	0	0.995796666666667	1	0.00599000000000005	0	0.190566666666667	0	0	0	0.000149999999999983	0.231226666666667	0	0	0.759146666666667	0.906136666666667	0	0	0.832483333333333	9.99999999995449e-06	0.00432999999999995	0.53446	0	0.000870000000000037	0.258503333333333	0.140553333333333	0	0	0.0519866666666666	1	0.781356666666667	0	9.99999999995449e-06	0	0.478166666666667	0.97442	0.0519866666666666	0	0.21077	0.0415166666666666	0.66238	0	0	0	0.0126266666666667
Neutrophils	0.119686666666667	1	0.204773333333333	0.02001	1	0.07412	0.551373333333333	0.490736666666667	0.502053333333333	0.561186666666667	1	0.629266666666667	0.495236666666667	0.409033333333333	1	0.314416666666667	1	0.305376666666667	0.319816666666667	0.09169	0.64722	0.0568666666666666	1	1	1	0.30891	0.210663333333333	0.865896666666667	1	0.361086666666667	1	0.42554	0.396663333333333	0.12392	0.372806666666667	0.154116666666667	0.103416666666667	0.05035	0.561186666666667	0.842263333333333	1	0.3574	0.27744	0.539446666666667	0.506553333333333	0.558796666666667	0	0.0624866666666667	0.0302866666666667	0.481823333333333	0.724173333333333	0.236236666666667	0.773736666666667	0.566113333333333	1	0.634476666666667	1	1	0.25092	0.138593333333333	0.0393	1
Osteoblast	0	0	0	1	0	0	0.647856666666667	0	0.90236	0.00104000000000004	0	0	0	0	1	0.713523333333333	0	0.247163333333333	0.13298	0	1	0.0640166666666667	0.55336	1	1	0.340416666666667	1	0	0.601246666666667	0.02488	1	0.03525	0	0.0179466666666667	1	0	0.325586666666667	0.06745	0.00707000000000002	1	0	0	0.1624	1	1	0	0.776006666666667	0.271436666666667	1	1	1	0	0	0.21322	0	0	0.0877866666666667	0.174236666666667	0.00159333333333334	0.541023333333333	0.38035	0
Pericytes	0	0	0.19108	0	0	0	0	0	0	0.505716666666667	6.33333333333042e-05	0	0	0	0	0	0.000303333333333322	0.00103666666666669	0	0.107273333333333	0	0	0	0	0	0	0	0	0	0	0	0	0	0	0.0212266666666666	0	0.00949	0.0115366666666666	0	0	0	0.00807000000000002	1	0.274613333333333	0	0	0	0	0	0	0	0	0	0	0	0	0	0	0	0	0	0
Plasma cells	0	0.00278666666666672	0.21102	0.0375766666666667	0.000196666666666623	0	0.000866666666666682	0	0.000566666666666715	0	0	0	0	0	1	1	0	0	0	0	1	0	1	0.321223333333333	1	0	1	0	0	0.22563	0	0	0	1	0.138123333333333	0.00428666666666666	0	0.136586666666667	0.2989	0.15451	0.00465666666666664	0	0.00179333333333331	1	0	0	0	0.216196666666667	1	0.00268999999999997	1	0	0.0119133333333333	0	0	0	0	1	0.00930333333333333	1	0	0
Platelets	0.504296666666667	1	0.19938	0.204886666666667	0.167663333333333	0.56791	0.126506666666667	0.270456666666667	0.864433333333333	0.149096666666667	0.102866666666667	0.678153333333333	0.270456666666667	0.109983333333333	0.94808	0.11359	1	0.0221933333333333	0.20299	0.28018	0.185196666666667	0.98105	0.80628	1	0.148413333333333	0.122353333333333	0.141793333333333	1	0.0944833333333334	0.135903333333333	0.433793333333333	0.601186666666667	0.19485	0.675643333333333	0.0944833333333334	0.391313333333333	0.440783333333333	0.121973333333333	0.166893333333333	0.13482	0.207413333333333	0.225	0.15086	0.12413	0.22097	0.178836666666667	0.09959	0.128403333333333	1	0.179913333333333	0.336846666666667	1	0.11103	0.0728433333333334	1	0.150436666666667	0.167663333333333	0.316773333333333	0.15415	0.198253333333333	0.0450733333333333	0.227993333333333
Preadipocytes	0.16783	1	0.00113666666666667	0	0.00386666666666668	0.631523333333333	0.222273333333333	0.336873333333333	1	0.0518866666666666	1	1	0.122573333333333	0.00488	1	0	1	0.140976666666667	0	0	1	1	1	1	0.113743333333333	0.00826666666666664	0	1	1	0	0.00868000000000002	0.123403333333333	0.180736666666667	0.07385	0	0.0106366666666666	0	0	0.261723333333333	0.0128533333333334	0.00405333333333335	1	0	0.304593333333333	0.0531233333333333	1	0.000386666666666646	0.0192833333333333	1	0.00997999999999999	0.14707	1	0.43444	0.0852266666666667	1	0.0638733333333333	0.0104666666666666	1	0	0.04904	0	0.00314999999999999
Sebocytes	0.19343	0	0.0217566666666666	0.000419999999999976	1	0.0018866666666667	0.0636933333333334	1	0	0.0375066666666667	0.0343133333333333	6.66666666666593e-05	0.00343333333333329	0.07735	0.05938	0.0928166666666667	3.33333333335517e-06	0.04414	0.04764	0.115393333333333	0	0.290813333333333	0.000170000000000003	0	1	0	1	0	0.17991	0.0928166666666667	0.0177966666666667	0	0.333143333333333	0.00284333333333331	0.000310000000000032	0.26774	0.00405999999999995	0.00230333333333332	0.27362	0	9.99999999995449e-06	0	0.00485666666666662	0.0928166666666667	0.0018866666666667	0	0.04414	0.0375066666666667	0.0018866666666667	0	1	0	0.0289766666666667	0.0113066666666667	0	0.0289766666666667	0	0	0.121246666666667	0	0.146183333333333	0.0113066666666667
Skeletal muscle	1	1	1	0.0706599999999999	0.01364	1	0	0.50802	1	0.133213333333333	0	1	0.4818	0.0153633333333333	0.0785666666666667	0	1	0	0.0235133333333334	0.0785666666666667	0	1	0	1	0	0.438993333333333	0.40504	0.996063333333333	0	1	1	0.757073333333333	1	0.838586666666667	0.499376666666667	0.963693333333333	1	1	0.0610933333333333	0.356083333333333	0.0610933333333333	0.294563333333333	0.167066666666667	0.0144566666666667	1	0.309506666666667	0	1	1	0.00412666666666661	0.739746666666667	1	0.60652	0.91041	0	0	0.447756666666667	0.958366666666667	0.08447	0.25205	0.0495100000000001	1
Smooth muscle	1	1	0.659416666666667	1	0.233153333333333	1	0.60255	0.13326	1	0.40784	0.06091	1	0.433593333333333	0.17915	1	0.411333333333333	1	0.373666666666667	0.29487	1	1	1	1	1	1	1	0.498946666666667	1	1	0.2547	1	1	1	0.393046666666667	0.0260166666666667	1	1	0.181323333333333	1	1	1	0.23376	0.0673766666666666	1	0.46141	1	1	1	1	1	0.50748	1	0.40015	0.488206666666667	1	0.45165	1	1	0.214983333333333	1	0.01632	0.328523333333333
Tgd cells	1	1	0.913313333333333	1	1	1	1	0.479413333333333	1	0.40948	1	0.121733333333333	0.99656	1	1	1	0.989233333333333	1	1	0.29422	1	0.56922	1	1	1	1	0.944966666666667	1	1	1	1	0.80437	0.97845	1	0.93939	1	0.783336666666667	0.864803333333333	1	1	1	0.721646666666667	0.853386666666667	0.846213333333333	1	1	1	1	1	1	0.777793333333333	1	1	1	1	1	1	0.849023333333333	1	1	0.860413333333333	0.96221
Th1 cells	0.0106333333333334	0	0.0142333333333333	0.567376666666667	0.000123333333333364	0	0.196233333333333	0.03937	0.000663333333333349	0.118406666666667	0.0376633333333334	0.0862233333333333	4.99999999999945e-05	0.000636666666666619	0.10045	0.396873333333333	0.00401666666666667	0.119256666666667	0.43134	0	1	0.38078	0	0.01336	0.538913333333333	0.14065	1	0	0.03978	0.0704033333333334	0.01196	0	0	0.06448	1	0.000856666666666617	0.13432	0.667423333333333	0	1	0.0248366666666666	0	0.0317533333333333	0.475596666666667	0.796576666666667	0.00247666666666668	0.000480000000000036	0.124763333333333	1	0.102546666666667	0.355606666666667	0	0	0.152103333333333	0.02633	0.0700499999999999	0.0705733333333334	0.0139766666666666	0.08556	0.266666666666667	0.117796666666667	0.00441000000000003
Th2 cells	1	1	0.984496666666667	1	1	1	1	0.0726466666666666	0.67666	0.33283	0.85152	0.17601	1	0.486206666666667	0.42229	0.36693	0.3411	1	0.344093333333333	0.335933333333333	0.989176666666667	0.543836666666667	1	1	0.921523333333333	1	0.25575	1	0.71186	0.843526666666667	1	0.8954	1	1	0.01939	1	0.286656666666667	0.02494	1	0.9713	0.73097	0.566876666666667	0.278163333333333	0.198103333333333	0.0573566666666666	1	0.942773333333333	1	0.24675	1	0.236206666666667	1	0.696476666666667	0.888473333333333	1	0.680303333333333	0.949736666666667	0.376613333333333	0.826446666666667	0.974026666666667	0.139666666666667	0.920143333333333
Tregs	0	1	0.146586666666667	0	0.34666	0.73499	0.00566666666666671	0.0183133333333333	0.114163333333333	0.0461566666666666	0.0486	0.02214	0.0896533333333334	0.0526433333333334	0.112513333333333	0	1	0.0193466666666666	0.0391366666666667	0	0	0	1	0.05614	0	0.0162966666666666	0	1	0.10869	0.01017	0	0.416953333333333	0.0488499999999999	0.0544566666666667	0	0.0377266666666667	0	0.0218166666666667	0.00743666666666665	0	0.00377000000000005	0.385543333333333	0.02111	0	0	0.300823333333333	0.0260466666666667	0.00548333333333328	0	0.317406666666667	0.0228733333333333	1	0.00317666666666672	0	0.256386666666667	0.00226000000000004	0.04008	0.0077166666666667	0.0232266666666666	0.00519666666666663	0.04976	0.111443333333333
aDC	0.0508433333333334	0	1	0.38209	0	0.0533833333333333	0	1	1	0	1	1	0.0745966666666666	0.505283333333333	2.000000000002e-05	1	1	0.0266133333333334	0.0362666666666667	0.736496666666667	0	0.2762	0	0.04055	0	0.32531	0	6.33333333333042e-05	0.18772	0	0	0.493166666666667	1	0.02463	0.580026666666667	0.255546666666667	0.716623333333333	0.195243333333333	0.390456666666667	0	9.66666666666338e-05	0.00345333333333331	0.882863333333333	0	0.07635	0.0151633333333333	1	0.400996666666667	0	0.433253333333333	0.0419966666666667	0	0	0	0.836656666666667	0.155903333333333	0.417916666666667	0	1	0	0.0283533333333333	1
cDC	1	0.0892866666666666	0.0114866666666666	0.0807433333333333	0	1	0.0246266666666667	1	1	0.00384666666666666	1	0.698086666666667	0.12977	0.39097	1	1	0.33106	0.0797766666666667	0.000279999999999947	0.11812	0	0.0371933333333333	1	0.244416666666667	0	0	0	3.33333333335517e-06	1	0	0.0103366666666667	1	1	0.508706666666667	0	1	1	0.01281	1	0	0	0.0446299999999999	0.0250899999999999	0.155716666666667	0.0179766666666666	0.25792	1	1	0	1	0.77044	0.39516	0.46277	0.0312966666666666	1	0.00556000000000001	0.224056666666667	0.01712	0.502776666666667	0	0.0581966666666667	1
iDC	1	0	0.256593333333333	0.000650000000000039	0	0.0996933333333333	0.952156666666667	0.543243333333333	7.00000000000145e-05	0.000140000000000029	0.0752166666666667	0.0292133333333333	0.608823333333333	0.504466666666667	0.19231	0.00381666666666669	9.33333333332786e-05	0.0130466666666667	1.66666666666648e-05	0	0.648176666666667	0.35688	0.00710333333333335	0	0	0.0477833333333333	0	0.00426000000000004	0.70983	0.322186666666667	0.344043333333333	0.54073	1	0.854956666666667	0	1	0.55305	0.000140000000000029	0.017	0.437673333333333	0.0264933333333334	0.0292133333333333	0.00161	1	0	0.06404	1	1	0	0.85979	0	0.461193333333333	1	0.509463333333333	1.66666666666648e-05	0.0469533333333333	0.0709233333333333	0.893426666666667	0	0	0.44481	0.94948
ly Endothelial cells	0	0	0	0	0	0	0	0.161883333333333	0.000110000000000054	0	0.19174	0.00518333333333332	0	0	0	0	0.764976666666667	0	0	1	0	0	0	0	0	0	0	0	0	0	0	0	0	0	0.40488	0	0	0.125866666666667	0.330083333333333	0	0	0	1	0	0.0689233333333333	0	0	0	0	0	0.234893333333333	0	0.00169666666666668	0	0	0	0	0	0	0	0	0
mv Endothelial cells	0	0	0	0	0	0	0	0.491163333333333	0	0	1	0	0	0	0	0	0	0	0	1	0	0	0	0	0	0	0	0	0	0	0	0	0	0	1	0	0	0.0623533333333334	0	0	0	0	1	0	0.18292	0	0	0	0	0	0	0	0.01379	0	0	0	0	0	0	0	0	0
naive B-cells	1	1	1	1	1	1	1	1	1	0.05916	0.000763333333333338	0.11293	1	1	1	1	1	0.0174533333333333	0.259603333333333	0.05657	0	0.230053333333333	1	0.0749366666666667	0.184956666666667	1	0.07348	1	1	1	0.16807	1	1	1	0.0280433333333333	1	1	1	1	0.0441033333333334	0.0488499999999999	1	0.05916	0.0165433333333334	1	1	1	1	0	1	1	1	1	0.00827	1	1	1	0.0297366666666666	1	0.0984066666666666	1	1
pDC	0.64875	1	0.184353333333333	0.332673333333333	0.221296666666667	1	0.81112	0.481783333333333	1	0.0461266666666666	0.01815	0.309023333333333	0.169036666666667	0.0687966666666666	1	0.73466	1	0.0687966666666666	0.39613	0.0295833333333333	0.95688	0.41335	0.81112	1	0.569596666666667	0.214526666666667	0.127966666666667	0.82382	0.789633333333333	1	1	0.80788	0.74612	1	0.107396666666667	0.95688	1	0.70518	0.694496666666667	1	0.42729	0.09842	0.16423	0.45907	1	0.92023	0.28402	0.942823333333333	0.312466666666667	1	1	1	0.0658866666666666	0.377323333333333	0.11893	0.36623	1	1	0.57427	1	0.0769300000000001	0.789633333333333
pro B-cells	0.36706	0.268573333333333	1	1	0.22371	0.26423	0.598383333333333	0.179766666666667	0.643843333333333	0.316746666666667	0.07017	0.266916666666667	0.439416666666667	0.462043333333333	0.55601	1	0.876476666666667	0.191713333333333	0.519166666666667	0.186666666666667	0.581193333333333	1	0.0559133333333334	0.300566666666667	0.255423333333333	1	0.537766666666667	0.24702	1	0.904883333333333	0.135066666666667	0.242203333333333	0.78907	1	1	1	1	1	0.708126666666667	0.530576666666667	0.76878	0.288596666666667	0.66917	0.371293333333333	1	0.69034	0.345656666666667	1	0.302343333333333	1	0.856196666666667	0.32029	0.426356666666667	0.3616	0.02261	0.18522	0.868063333333333	0.230263333333333	1	1	0.3942	1
