	V1	V2	V3	V4	V5	V6	V7	V8	V9	V10	V11	V12	V13	V14	V15	V16	V17	V18	V19	V20	V21	V22	V23	V24	V25	V26	V27	V28	V29	V30	V31	V32	V33	V34	V35	V36	V37	V38	V39	V40	V41	V42	V43	V44	V45	V46	V47	V48	V49	V50	V51	V52	V53	V54	V55
Adipocytes	1	1	0.35158	1	1	0	0.945243333333333	0.0509366666666666	0	1	0.333043333333333	0	0.0793533333333334	0.32098	0	0.00260000000000005	0.669663333333333	1	1	1	0	0.61579	1	0	0.15307	0.41044	1	1	1	0.17	0.120646666666667	1	1	0.607743333333333	1	1	1	0.971616666666667	0.111956666666667	0.06877	1	1	0.0823133333333333	0.00913333333333333	1	1	1	0.0543766666666666	0	0.000236666666666663	0.387156666666667	1	0.0127933333333333	0	0.753143333333333
Astrocytes	1	1	1	0.00939999999999996	1	1	1	0.318826666666667	1	1	1	0.0718966666666667	0.246896666666667	1	1	0.05735	1	0	0.295876666666667	0.397886666666667	0.0989666666666666	0.131996666666667	0.0275033333333333	1	1	1	1	1	1	0.23631	0.0706733333333334	1	1	1	0.2456	0.1141	1	1	0.263883333333333	1	1	1	0	0.321146666666667	0.29414	1	1	0.336663333333333	1	1	0.253143333333333	0.251903333333333	1	0.0258533333333333	1
B-cells	0	1	0.241353333333333	0.0617133333333333	1	0.06946	0.0399833333333334	0.252636666666667	0	0.101373333333333	0.112666666666667	0.0831033333333333	0.24621	1	0	2.33333333333752e-05	0.02036	0	0.0209066666666666	0	0.0134633333333334	0.10292	0.00336333333333338	0.445143333333333	1	0.101373333333333	0	1	1	1	0.00789333333333331	0.18489	0.122196666666667	1	0	0.00247666666666668	0.0427066666666667	0.00758000000000003	0	0.15266	0.359233333333333	0.0325299999999999	0	0.576263333333333	0.576263333333333	1	0.02167	0	1	0	0.257686666666667	0	0.323703333333333	0.0197766666666667	0.0195533333333333
Basophils	0.253863333333333	0.444833333333333	1	1	0.16227	0.415503333333333	1	1	0.229236666666667	1	0.409176666666667	0.206453333333333	0.7171	0.68521	0.43872	1	0.420813333333333	1	0.549873333333333	1	0.785086666666667	1	1	0.562233333333333	0.205056666666667	0.28686	0.312323333333333	0.24729	0.151996666666667	0.42602	1	0.195876666666667	0.263293333333333	0.223273333333333	1	1	0.29921	0.925306666666667	0.142876666666667	0.517003333333333	0.279286666666667	0.14928	1	0.36731	1	0.0938366666666667	0.247576666666667	1	1	0.268403333333333	1	0.400303333333333	1	1	0.184033333333333
CD4+ T-cells	1	0.63627	0.456066666666667	0.409323333333333	0.55707	0.59279	0.48526	1	0.5729	0.45915	0.38937	0.446106666666667	0.0847733333333334	1	0.342706666666667	0.33053	0.177936666666667	0.0202133333333333	0.114943333333333	1	0.224566666666667	0.222653333333333	0.17428	1	0.641406666666667	0.251516666666667	0.156783333333333	1	0.324783333333333	0.661046666666667	0.30798	0.438933333333333	0.607483333333333	0.403556666666667	0.0808233333333334	0.44787	0.410676666666667	0.440846666666667	3.33333333335517e-06	0.525646666666667	0.445443333333333	0.162916666666667	0.23942	0.212176666666667	0.60436	0.553973333333333	0.127383333333333	0.0276933333333333	1	0.30474	0.571823333333333	0.118066666666667	0.63627	0.578293333333333	0.393246666666667
CD4+ Tcm	0.12696	1	0.339153333333333	1	0	0.197383333333333	1	0.232646666666667	0.0196466666666667	1	1	1	0.20117	0.188816666666667	0	1	1	0.0609366666666666	0.320706666666667	0.14299	1	0.02336	1	1	0.00226666666666664	1	1	1	0.000820000000000043	0.145526666666667	1	0	1	0.0866433333333333	0.0360633333333333	1	1	1	0.0299333333333334	0.109176666666667	0.0403133333333333	0	1	0	0.03383	0	1	0.07443	0.218376666666667	0.322646666666667	0.112083333333333	0.244553333333333	1	1	1
CD4+ Tem	0.00257666666666667	1	0.57887	1	1	1	1	0.66821	1	1	1	1	1	0.49044	0.521833333333333	1	1	0.298186666666667	1	0.0477133333333334	1	1	1	0.45695	1	0.526896666666667	0.326806666666667	1	0.316693333333333	1	1	0.222053333333333	1	0.306483333333333	0.0470733333333333	1	0.477746666666667	1	0.684126666666667	0.646833333333333	1	0.585226666666667	0.477746666666667	1	0.749176666666667	0.181223333333333	1	0.315913333333333	1	1	0.673396666666667	0.808483333333333	1	1	1
CD4+ memory T-cells	1	0.440106666666667	0.30918	0.79732	1	0.715926666666667	0.124746666666667	1	0.667603333333333	0.464053333333333	0.422946666666667	0.91476	0.22651	0.88042	0.63446	0.306636666666667	0.07625	0.187136666666667	0.472686666666667	1	0.59973	0.369786666666667	0.11184	1	0.876656666666667	0.208093333333333	0.376356666666667	0.860073333333333	0.836886666666667	0.440106666666667	0.158976666666667	0.701696666666667	0.464653333333333	0.60031	0.532313333333333	0.757373333333333	0.26733	0.242843333333333	0.0880533333333333	0.91476	0.242843333333333	0.811063333333333	0.262633333333333	0.789056666666667	0.316433333333333	1	0.528726666666667	0.0705033333333334	1	0.264023333333333	0.766623333333333	0.2253	0.56129	0.986813333333333	0.110216666666667
CD4+ naive T-cells	0.11042	1	1	1	0.224516666666667	1	1	1	1	1	1	0.0365	0.269203333333333	1	1	0.215	1	0	0.0458733333333333	0.573323333333333	0.135226666666667	0.60692	0.07929	1	1	0.44422	0.04718	1	1	0.501273333333333	0.478446666666667	0.918646666666667	0.559436666666667	1	0.00324333333333338	0.373166666666667	1	1	0.0071566666666667	0.346033333333333	1	0.772463333333333	0	0.44821	0.793336666666667	0.172336666666667	0.387706666666667	0.711946666666667	1	1	1	0.00968999999999998	1	0.16761	1
CD8+ T-cells	0.416846666666667	0.63875	1	1	0.3952	0.284713333333333	1	1	0.266213333333333	1	1	0.0153033333333333	0.854913333333333	0.321683333333333	0.0507033333333333	0.87528	1	0.120536666666667	0.513076666666667	1	0.277213333333333	0.32533	1	1	0.1649	0.682786666666667	0.43159	1	0.533703333333333	1	1	1	1	0.886266666666667	0.135133333333333	1	0.503933333333333	0.940516666666667	0.0376266666666667	0.63875	1	0.57377	0.248033333333333	0.298093333333333	0.212983333333333	0.126916666666667	1	0.459763333333333	1	0.17408	1	0.0365	1	1	1
CD8+ Tcm	1	1	0.826613333333333	0.92968	1	1	0.305376666666667	1	1	1	0.734203333333333	1	1	1	1	1	1	0.195153333333333	1	1	1	1	0.560363333333333	1	1	1	0.208453333333333	1	1	1	0.425466666666667	1	1	0.86615	0.92527	0.653846666666667	0.762866666666667	0.859763333333333	0.14492	1	0.82369	1	0.40923	1	1	0.709126666666667	1	0.27295	1	1	1	0.214393333333333	1	1	0.434916666666667
CD8+ Tem	0.321433333333333	1	1	1	0.5952	1	1	0.82912	1	1	1	0.42131	1	1	1	1	1	0.707143333333333	1	1	1	1	1	1	1	1	1	1	1	1	1	1	1	1	0.579983333333333	1	1	1	0.27463	0.94991	1	1	0.37946	0.85443	1	0.01875	1	0.78941	1	1	1	0.779963333333333	1	1	1
CD8+ naive T-cells	0	0	0	1	0	0	0	0.00305	0	0.00340666666666667	0	0	0	0	0	0.00861666666666672	0.00714000000000004	0.00444333333333335	1	0.000476666666666681	0	0	1	0	0	0.01638	0	0.000213333333333288	0	0	1	0	0.533446666666667	0	0.000776666666666648	1	0	0.0357533333333333	0	0	0	0	1	0	0.02205	0	0	0.000216666666666643	0	0	0.0624833333333333	0	0.00321333333333329	0.198976666666667	0.00949
CLP	0	0.00123333333333331	0	0.27878	0.00485999999999998	0	0	0.08094	1.66666666666648e-05	0	0	0	0.262383333333333	0	0.00791666666666668	0	0	0.101766666666667	1	0.31921	0.0120333333333333	0	0.0832166666666667	0	0.298933333333333	0.45122	0	0	0.0095966666666667	0.00277666666666665	0	0.0356566666666667	0.0178433333333333	0	0	0.11214	0	0	0.0251533333333334	0	0	0.348583333333333	0	0.961586666666667	0.00136333333333338	0	0	0.00367666666666666	0	0	0.0637133333333333	0.00392666666666663	0.07935	0.0928133333333333	0
CMP	0.346703333333333	1	1	0.73052	0.08747	0.16557	1	1	1	1	0.315666666666667	0.112736666666667	0.17644	1	0.170226666666667	0.12803	0.55173	1	0.0864766666666666	1	0.153463333333333	1	0.915113333333333	0.797816666666667	0.768893333333333	0.0622533333333334	1	1	0.20624	1	1	0.19711	0.108796666666667	0.631743333333333	0.37644	0.276513333333333	1	0.625753333333333	1	0.662	0.167453333333333	0.0488733333333333	1	0.112996666666667	1	1	0.828856666666667	0.36061	1	0.354276666666667	0.745616666666667	1	0.60842	1	0.15894
Chondrocytes	0.312333333333333	1	0	0	0.170366666666667	0	0	0	0.15986	0.0165766666666667	1	0	0	0.01049	0	0	1	0	0	0	0	0	0	0.01049	0.0115633333333334	0.0127766666666667	0	0	1	0	0	0.408646666666667	0	0	0	0	1	0.00617999999999996	1	1	1	1	0	0.0235333333333333	0	1	1	0.01252	0	0	0.00129333333333337	0	6.66666666671034e-06	0	0.000179999999999958
Class-switched memory B-cells	0	0	0.03676	0.0350133333333333	0	0.437653333333333	0	0	0	1	0	1	0	0.00616000000000005	0	0	0.00551666666666661	0	0	0	1	0	0	1	0.485376666666667	0	0	1	0.0148066666666666	0.16986	0	0	0	0	0	0	0.60182	0	0	0.082	0.0943966666666667	0	0	0	0	1	0	0	1	0	0	0	0	0.0399966666666667	1
DC	0	0.295193333333333	0	0.101686666666667	0.00978666666666672	0.0604666666666667	0.538246666666667	0.01053	0.373743333333333	0.0131966666666666	0.160146666666667	0.01954	0.0429133333333334	0.06211	0	0.00221000000000005	0.02949	0	0.00467666666666666	0	0	0	0	0	0.31041	0.00362666666666667	0	0.843296666666667	1	0.12038	0	0.895193333333333	0	0.17964	0	0	0	0.000243333333333373	0	0	1	0.90888	0	0.54149	0	0	0.0128966666666667	0	0.0969066666666667	0.0711266666666667	0.0299233333333333	0	0	0	0.21459
Endothelial cells	0	0	0	0	0	0	0	0	1	0	0	0	0	1	0	0	1	0	0	0	0	0	0	0	0	0	0	0	0	0	0	0	0	0.000213333333333288	0	0	0	1	0	0	0	0	0	0	0	0	0	0	0	0	0	0	0	0	0
Eosinophils	0.02976	0.400566666666667	0.00850666666666666	0.10844	0.120413333333333	0.2949	1	0.0491166666666667	1	0.142493333333333	0.62572	0.378706666666667	0.0510766666666667	0.101443333333333	1	0.542626666666667	0.760046666666667	0.0293099999999999	0.125993333333333	0.017	0.457	0.20982	0.158623333333333	0.314616666666667	0.11481	0.369726666666667	0.10263	0.36843	0.499666666666667	0.0391066666666666	0.17093	0.0979233333333334	0.224776666666667	0.2857	0.286656666666667	0.110696666666667	0.675383333333333	0.290306666666667	0.47895	0.09972	0.27046	0.11504	0.28979	0.137346666666667	4.66666666666393e-05	0.23036	0.245293333333333	0.391403333333333	0.31356	1	0.17783	0.06229	0.0546466666666666	0.0216766666666667	1
Epithelial cells	0	0	0	0	0	0	0	0	0	0	0	0	0	0	0	0	0	0	0	0	1	0	0	0	0	0	0	0	0	0	0	0	0	0	0	0	0	0	0	0	0	0	0.357373333333333	0	0	0	0	0	0	0	0	0	0	0	0.27019
Erythrocytes	1	0.09539	1	1	1	1	0	0.00103333333333333	0.0104833333333333	0.00222666666666671	0.0292166666666667	1	1	0.136363333333333	0.430573333333333	0.322753333333333	0.0015033333333333	1	0.000156666666666694	0.0382166666666667	1	0.01447	1	0.0118933333333333	1	1	1	6.66666666671034e-06	0.0199266666666666	1	0.524186666666667	0.0578633333333334	1	0.0133233333333334	1	0.292406666666667	0.00602333333333338	0.0162099999999999	0.09539	0.0128866666666667	1	1	0.197673333333333	1	0.0212866666666667	0.0106066666666667	0.0324366666666667	1	0.00629000000000002	1	0.0243100000000001	0.598486666666667	0.889206666666667	1	1
Fibroblasts	1	1	0.16238	0.000319999999999987	0.575523333333333	0	1	1	0.00384666666666666	1	1	0	0	1	0	0	1	1	1	0.336306666666667	0	1	0.0183866666666667	1	1	0	0	0.108216666666667	1	0	0.00457666666666667	1	0.23763	0.02819	0.0174166666666666	0	1	1	1	0.18348	1	1	0	0.00529666666666662	0	1	1	0	0.00300333333333336	0	0.211716666666667	0.26762	0	0	0
GMP	0.956693333333333	1	1	0.735066666666667	1	0.322626666666667	0.60096	1	0.724173333333333	1	0.731853333333333	0.355616666666667	0.495656666666667	1	0.21303	0.274746666666667	0.331213333333333	1	0.893426666666667	1	0.00898333333333334	0.488846666666667	0.175393333333333	0.616516666666667	0.52614	0.178906666666667	0.708216666666667	1	1	0.815523333333333	0.257533333333333	1	0.424403333333333	1	0.713373333333333	0.677043333333333	0.48307	0.493193333333333	1	0.877066666666667	0.453246666666667	0.524303333333333	0.678956666666667	0.544106666666667	0.638083333333333	1	0.597053333333333	0.281276666666667	0.83367	0.134616666666667	0.802993333333333	0.462583333333333	0.62716	0.885153333333333	0.129726666666667
HSC	0.208736666666667	0.717733333333333	0.187916666666667	0.0649166666666666	1	0	0.617653333333333	0.225946666666667	0.446503333333333	0.937213333333333	1	0	0.00048333333333328	0.454446666666667	0.252926666666667	0	1	0.0592966666666667	0.28305	0.06276	0	0.00819666666666663	0	0.0606	0.499046666666667	0.130883333333333	0	0.114043333333333	1	0.0132866666666667	0.00403666666666669	0.47058	0.18717	0.205703333333333	0	1	0.747623333333333	1	0.685736666666667	0.33467	0.439933333333333	1	0	0.47403	0.0287333333333334	1	0.515946666666667	0.109536666666667	0.00350666666666666	0.13857	0.445423333333333	1	0.185253333333333	0.117566666666667	0.01009
Hepatocytes	0	0	0	0	0	0	0.0280166666666667	0.00599333333333329	0	0.319603333333333	0	0	0	0	0	0	0	1	0.00140333333333331	0	0	0	0	0	0	0	0	0	0.00492333333333328	0	0	0	0.385976666666667	0	1	0	0	0	1	0	0	0.0315	1	0	0.236296666666667	0	0	0	0	0	0	0	0	0.311336666666667	0
Keratinocytes	0	0	0	0	0	0	0	0	0	0	0	0	0	0	0	0	0	0	0	0	1	0	0	0	0	0	0	0	0	0	0	0	0	0	0	0	0	0	0	0	0	0	0	0	0	0	0	0	0	0	0	0	0	0	0.0458633333333334
MEP	0.00183999999999995	0.0924033333333333	0.11342	1	0.10168	1	0.137003333333333	0.297883333333333	0.13812	0.0127766666666667	0.0840033333333333	0.0612466666666667	1	0	1	1	0.0658300000000001	1	1	0.120333333333333	1	0.36847	1	0	1	1	1	0.123503333333333	0.0236466666666667	1	1	0.09604	0.242373333333333	0.1446	1	1	0.0175466666666667	0.0797333333333333	1	0.315643333333333	0.1446	1	1	1	0.0979100000000001	0.00883666666666671	0.148233333333333	1	0.161046666666667	0.181556666666667	1	0.357633333333333	1	1	1
MPP	0.00979333333333332	1	0.60047	1	0.463753333333333	1	1	1	0.853483333333333	1	0.695006666666667	0.343036666666667	1	0.88167	0.50607	1	0.959213333333333	0.03818	0.77397	0.3885	0.73057	1	1	0.381306666666667	1	0.806563333333333	0.0898766666666667	1	1	1	1	1	0.804806666666667	1	0.12804	0.33464	0.375336666666667	0.897356666666667	0.294533333333333	0.657876666666667	1	1	0.378566666666667	1	1	0.415166666666667	0.719533333333333	0.562086666666667	1	0.80819	1	0.07255	1	0.373016666666667	0.834136666666667
MSC	0	0.000340000000000007	0.0654966666666666	0.686163333333333	0	0.161706666666667	0	0	0	0	0	0	0.108426666666667	0	0.0110833333333333	0.173056666666667	0.0240433333333333	1	0.0243233333333334	0	0.000696666666666679	0.000720000000000054	1	0	0	0.00737333333333334	0	0	0	0.0465100000000001	1	0	0.09305	0	0.12002	0	0	0.15812	0.182193333333333	0	0	0	0	0	0	0	0	0	0.00671999999999995	7.9999999999969e-05	0	0	0	0.18643	0.0291733333333334
Macrophages	0	1	0.03799	1	0.545293333333333	0.0376533333333333	0.0235300000000001	0.02489	0.0256466666666667	0.0247933333333333	0.0250166666666667	1	1	0.00149333333333335	0.000156666666666694	0.132053333333333	0.05179	0.0100233333333334	0.33575	0.05744	0.00241666666666662	0.684143333333333	0.0548966666666667	0	0.306603333333333	0.384143333333333	0.117483333333333	0.00905	0.287203333333333	0.03944	0.210213333333333	0.15526	0.2238	0.0125866666666666	0.0372066666666667	8.33333333333242e-05	0	0.0470566666666666	0.261366666666667	0.0339866666666667	0.0445733333333334	0.430696666666667	0	0.751896666666667	0.865186666666667	0.154546666666667	0.000203333333333333	0.07326	0.00905	0.00790333333333337	0.0316333333333333	0.67547	0.0601033333333333	0.0880366666666667	0.0474233333333334
Macrophages M1	0	1	1	1	0.699	0.422486666666667	0.659436666666667	1	0.69228	0.54278	1	0.825296666666667	1	1	0.152716666666667	0.17188	0.987493333333333	0	0.877113333333333	0.397456666666667	0	1	0.37831	0.00173000000000001	0.293573333333333	0.05153	0.112516666666667	0.114603333333333	0.41229	1	1	0.12103	1	0.0169733333333333	0.110396666666667	0.000243333333333373	0.00920333333333334	1	0.646693333333333	0.218806666666667	1	1	0.0197066666666667	0.732756666666667	1	0.0929233333333334	0.00124333333333337	0.12318	0.336816666666667	0.02884	0.502926666666667	0.924773333333333	1	0.06697	1
Macrophages M2	0	0.0494466666666666	0	1	0.00054333333333334	0.0383333333333333	0	0	0	0	0	0.314993333333333	0.400093333333333	0	0	0.120583333333333	0.000306666666666677	0.0732633333333333	0.877393333333333	0.0257733333333333	0.00426333333333329	0.185903333333333	0.28353	0	1	0.420466666666667	0.04527	0	0.0441233333333333	0	0.05065	0.0383333333333333	0.0781166666666666	0.0185	0.10421	0	0	0.0039433333333333	1	0.00327999999999995	0	0.00327999999999995	0	0.122976666666667	0.856303333333333	0.00426333333333329	0.000809999999999977	0.299643333333333	0	0	0	0.1165	0	0.01244	0.00663666666666662
Mast cells	0.35192	0	0.109203333333333	0	0.00239666666666671	0.00146666666666662	0	0.00727666666666671	0.00626333333333329	6.33333333333042e-05	0	0.000290000000000012	0	0.00559666666666669	0	0	0	0.264666666666667	0	0.382976666666667	0.00626333333333329	0	0.00516666666666665	0.269616666666667	1.66666666666648e-05	0	0.00182333333333329	0.0345933333333334	0	0	0.000689999999999968	0.000176666666666714	0	0	0	7.00000000000145e-05	0	0	0	0.00384666666666666	0	0	0.0575599999999999	0	0.0105133333333334	1	0	0	0.376463333333333	0	0.000763333333333338	0	0	0.0152833333333333	0
Megakaryocytes	1	0.223533333333333	0.629783333333333	0.174373333333333	0.691963333333333	0.00753666666666664	1	0.972013333333333	0.958206666666667	1	0.369146666666667	1	0.185366666666667	1	0.0274433333333334	0.39196	1	0.3146	1	1	0.0143166666666666	0.315963333333333	0.15433	0.92701	0.0312733333333334	0.30521	0.220186666666667	0.443096666666667	0.102846666666667	0.0259733333333333	0.0932433333333333	0.29058	0.242726666666667	0.641216666666667	0.151393333333333	0.0701166666666667	1	1	0.223533333333333	0.252106666666667	0.00458333333333338	0.000336666666666652	0.699693333333333	0.280283333333333	0.248526666666667	1	0.10813	0.16033	0	0.425526666666667	0.184413333333333	1	0.137126666666667	0.07452	0
Melanocytes	0.400646666666667	0.16947	0.00312999999999997	0	0.0302	0.901533333333333	0.464566666666667	0	0.815246666666667	0	0	0.945293333333333	0.00131666666666663	0	0.973313333333333	0.819796666666667	0	0.000926666666666631	0.0504833333333333	0.0104633333333334	0.744316666666667	0.0601666666666667	0.905486666666667	0	0.439666666666667	0.20212	1	0.391293333333333	0.00964666666666669	1	0	0.0207666666666667	0	0.00469333333333333	0.00290999999999997	0	0.643916666666667	0.229633333333333	0	0.136933333333333	0.79222	0	0	0.00568333333333337	0.59766	0	0.654193333333333	0.000606666666666644	0.602653333333333	1	0	0.110173333333333	0	0.123256666666667	1
Memory B-cells	0.000176666666666714	1	1	1	1	1	1	1	0.0660933333333333	1	1	1	1	1	0.07154	1	1	0	1	0.000659999999999994	0.00282000000000004	1	1	1	1	1	0.000136666666666674	1	1	1	1	1	1	1	0.00355000000000005	0.723253333333333	1	1	0.0562166666666667	1	1	1	0	1	1	1	1	0.0013266666666667	1	1	1	0.00161999999999995	1	1	1
Mesangial cells	0.02019	0	1	0	1	0.0748933333333334	1	1	1	1	1	0	1	0.0617033333333333	1	0.768986666666667	0.26526	0	0.178516666666667	0.111756666666667	0	0.397796666666667	0	1	1	1	0.102613333333333	0.58762	1	0	0.00936666666666663	0.124453333333333	0.0730433333333333	1	0	0.01228	1	1	0	0.0514666666666667	1	0.00185999999999997	0	0.137956666666667	0.94811	0.0364966666666666	1	1	0.0150633333333333	1	0.0679033333333333	0.04293	0.127106666666667	0	1
Monocytes	1	1	1	1	1	0.349473333333333	1	1	1	1	1	1	1	1	1	0.333073333333333	1	1	1	1	1	1	1	0.250856666666667	1	1	1	1	1	1	1	1	1	1	0.363093333333333	0.805053333333333	0.531363333333333	1	1	1	1	1	0.141263333333333	1	1	1	1	1	1	1	1	1	1	0.306736666666667	1
Myocytes	1	0.5359	1	0.0228733333333333	1	0	0.0196033333333333	1	0	0.80339	0.0368133333333334	0.0159966666666667	0	1	0	0	0.107653333333333	0	0.07823	1	0	0.154996666666667	1	1	0	0.166623333333333	1	0.390523333333333	1	1	0	1	0	1	1	0.28364	1	0	0	1	0	1	1	0.723786666666667	1	1	1	0.0739933333333334	0	0	0.515456666666667	0.69833	0.0571333333333334	0.0512066666666666	0
NK cells	1	0.781046666666667	1	0.84117	1	1	0.428166666666667	1	1	0.782863333333333	0.614236666666667	1	0.903243333333333	0.919056666666667	1	0.84527	0.781046666666667	1	0.95906	1	1	1	0.489296666666667	1	1	1	1	1	1	1	0.483946666666667	1	0.696223333333333	1	1	1	0.730376666666667	0.413463333333333	0.293966666666667	1	0.703936666666667	1	1	1	1	0.589433333333333	1	1	1	1	1	1	1	1	0.160416666666667
NKT	0	0.207776666666667	0.0328633333333334	0.232896666666667	0.0152333333333333	0.03921	0.191706666666667	0.0983466666666667	0.0905933333333333	0.0907233333333334	0.35475	0	0.720073333333333	0.0507233333333333	0.121036666666667	0.25117	0.140243333333333	0	0.128186666666667	0	0.000156666666666694	0.80006	0.21185	0.000260000000000038	0.110916666666667	0.240796666666667	0	0.0203733333333334	0.181956666666667	0.0697166666666666	1	0.101526666666667	0.186006666666667	0.21678	0.0581666666666667	0.0555333333333333	0.304316666666667	0.382303333333333	0.326853333333333	0.0414066666666667	0.449213333333333	0.603606666666667	0.14864	0.485033333333333	0.309703333333333	0.00207333333333337	0.243696666666667	0.210476666666667	0	0.0901733333333333	0.10864	0.01596	0.46124	0.000519999999999965	1
Neurons	0.912053333333333	0.00265333333333329	0.18601	0	0.20571	0	0.01081	0	0.00408333333333333	0.509423333333333	0	0	0	0	0.56466	0	0.99415	1	0.00560000000000005	0.191046666666667	0	0	0	0.000179999999999958	0.22152	0	0	0.751753333333333	0.899676666666667	0	0	0.82588	0.00444	0.527066666666667	0	0.000813333333333333	0.264196666666667	0.135626666666667	0	0.04957	1	0.77452	0	0	0	0.471546666666667	0.970703333333333	0.04957	0	0.211026666666667	0.0393033333333334	0.6467	0	0	0
Neutrophils	1	0.245856666666667	1	0.02733	0.09314	0.439476666666667	0.55263	0.5623	1	0.6959	0.454523333333333	0.84964	0.363973333333333	1	0.306706666666667	0.23176	0.113233333333333	0.712676666666667	0.07222	1	1	0.358186666666667	0.250723333333333	0.712676666666667	1	0.410686666666667	1	0.478496666666667	0.443786666666667	0.154506666666667	0.429183333333333	0.187153333333333	0.0558566666666667	0.61796	0.690246666666667	0.811096666666667	0.264973333333333	0.31385	0.592306666666667	0.607776666666667	0	0.07963	0.01612	0.538353333333333	0.80469	0.242546666666667	0.846456666666667	0.6258	1	0.577496666666667	1	1	0.29413	0.0868433333333334	0.0469166666666667
Osteoblast	0	0	0	1	0	0.643726666666667	0	0.932093333333333	0	0	0	1	0.732756666666667	0	0.253256666666667	0.13309	0	1	0.06702	1	1	0.350386666666667	1	0	0.615736666666667	0.0270866666666667	1	0.0392733333333334	0	0.0202766666666667	1	0	0.0706566666666667	0.00827	1	0	0	0.164146666666667	1	0	0.769093333333333	0.270513333333333	1	1	1	0	0	0.220546666666667	0	0	0.0936733333333334	0.175946666666667	0.00229999999999997	0.5408	0.39124
Pericytes	0	0.18373	0	0	0	0	0	0	3.33333333335517e-06	0	0	0	0	0.000226666666666708	0.000626666666666664	0	0.100216666666667	0	0	0	0	0	0	0	0	0	0	0	0	0	0.0181733333333334	0	0.00989666666666666	0	0	0	0.00627999999999995	1	0.26169	0	0	0	0	0	0	0	0	0	0	0	0	0	0	0	0
Plasma cells	0.00271999999999994	0.204733333333333	0	0.0354166666666667	0	0.00120333333333333	0	0.00057666666666667	0	0	0	1	1	0	0	0	0	1	0	0.322013333333333	1	0	1	0	0	0.221216666666667	0	0	0	1	0.1363	0.00363999999999998	0.13335	0.293846666666667	0.15373	0.00463333333333338	0	0.00165333333333328	1	0	0	0.204733333333333	1	0.00225333333333333	1	0	0.0112233333333334	0	0	0	0	1	0.00851333333333337	1	0
Platelets	1	0.19944	0.279286666666667	0.204873333333333	0.56344	0.123986666666667	0.270426666666667	0.871543333333333	0.103673333333333	0.675163333333333	0.112023333333333	0.931176666666667	0.11364	1	0.0209633333333333	0.19944	0.285186666666667	0.18585	0.977956666666667	1	0.145353333333333	0.12199	0.142966666666667	1	0.0945666666666667	0.13544	0.43991	0.599416666666667	0.196506666666667	0.659846666666667	0.0942866666666666	0.379256666666667	0.12199	0.166473333333333	0.13233	0.20609	0.22005	0.153496666666667	0.125003333333333	0.1788	0.0966533333333334	0.130613333333333	1	0.179176666666667	0.329823333333333	1	0.109946666666667	0.0721766666666667	1	0.14952	0.168256666666667	0.328	0.153496666666667	0.195433333333333	0.0445733333333334
Preadipocytes	1	0.00139	0.00885333333333338	0	0.641806666666667	0.224526666666667	0.329343333333333	1	1	1	0.00486666666666669	1	0	1	0.13943	0	0	1	1	1	0.11524	0.00856666666666661	0	1	1	0	0.0093833333333333	0.122703333333333	0.180336666666667	0.0727833333333333	0	0.0111233333333334	0	0.256406666666667	0.0134066666666667	0.00424333333333338	1	0	0.30083	1	0.000473333333333326	0.01939	1	0.0102366666666667	0.14534	1	0.425213333333333	0.0845133333333333	1	0.06375	0.01056	1	0	0.0497933333333334	0
Sebocytes	0	0.27339	0.00904000000000005	0.119896666666667	0.164743333333333	1	1	0.000789999999999957	0.318576666666667	0.0915033333333334	1	0.329496666666667	1	0.0765766666666666	0.327353333333333	0.32487	1	0	1	0	1	0.00778333333333336	1	0.0145066666666667	1	1	0.267103333333333	0.0115666666666666	1	0.171493333333333	0.119896666666667	1	0.164743333333333	1	0.0145066666666667	0.0863666666666667	0.01298	0.199496666666667	1	0.00130666666666668	0.322006666666667	0.31052	0.1783	0.0675033333333334	1	0	0.296266666666667	0.241233333333333	0.00682333333333329	0.31468	0.0145066666666667	0.0245033333333333	1	0.0145066666666667	1
Skeletal muscle	1	1	1	0.142783333333333	1	0	0.70422	1	0	1	0.0396966666666667	0.16847	0	1	0	0.0605266666666666	0.147776666666667	0	1	1	0	0.633833333333333	0.606713333333333	1	0	1	1	0.9167	1	0.98612	0.70422	1	1	0.128853333333333	0.570496666666667	0.12448	0.50747	0.288196666666667	0.0350033333333334	0.47224	0	1	1	0.01797	0.9167	1	0.789333333333333	1	0	0	0.642666666666667	1	0.185176666666667	0.41326	0.108316666666667
Smooth muscle	1	0.631906666666667	0.490286666666667	1	1	0.568526666666667	0.126743333333333	1	0.0545933333333334	1	0.175766666666667	1	0.40071	1	0.362066666666667	0.280266666666667	1	1	1	1	1	1	0.4853	1	1	0.24788	1	1	1	0.382986666666667	0.02157	1	0.175766666666667	1	1	1	0.218696666666667	0.06359	1	1	1	1	1	1	0.493636666666667	1	0.386213333333333	0.473223333333333	1	0.437593333333333	1	1	0.208313333333333	1	0.0122333333333333
Tgd cells	1	0.91713	1	1	1	1	0.48238	1	1	0.122603333333333	1	1	1	0.991486666666667	1	1	0.296636666666667	1	0.572026666666667	1	1	1	0.949006666666667	1	1	1	1	0.802726666666667	0.97867	1	0.943686666666667	1	0.86843	1	1	1	0.723043333333333	0.85863	0.85144	1	1	1	1	1	0.77702	1	1	1	1	1	1	0.84706	1	1	0.866936666666667
Th1 cells	0	0.0139433333333333	0.01307	0.567546666666667	0	0.194123333333333	0.0388366666666666	0.00056333333333336	0.03644	0.0853133333333334	0.000553333333333295	0.0980866666666667	0.397136666666667	0.0037166666666667	0.117323333333333	0.428723333333333	0	1	0.379556666666667	0.01287	0.53508	0.139936666666667	1	0	0.0391066666666666	0.0689433333333334	0.0115066666666667	0	0	0.0633766666666666	1	0.000766666666666693	0.66552	0	1	0.0238566666666666	0	0.0308533333333333	0.47574	0.00234999999999996	0.000340000000000007	0.123616666666667	1	0.101106666666667	0.354796666666667	0	0	0.149986666666667	0.0256166666666666	0.0682366666666666	0.06933	0.0134266666666667	0.08411	0.263936666666667	0.11626
Th2 cells	1	0.984716666666667	0.77704	1	1	1	0.07335	0.677143333333333	0.856033333333333	0.177593333333333	0.487196666666667	0.425416666666667	0.36964	0.341906666666667	1	0.346913333333333	0.33694	0.990903333333333	0.545426666666667	1	0.927	1	0.25721	1	0.712596666666667	0.847626666666667	1	0.898223333333333	1	1	0.01993	1	0.0258699999999999	1	0.974056666666667	0.734546666666667	0.566783333333333	0.278643333333333	0.199246666666667	1	0.945176666666667	1	0.248616666666667	1	0.238016666666667	1	0.698483333333333	0.892796666666667	1	0.68352	0.952116666666667	0.37955	0.829893333333333	0.978513333333333	0.142036666666667
Tregs	1	0.145966666666667	0.01463	0	0.733673333333333	0.00648666666666664	0.01884	0.113093333333333	0.0495166666666667	0.0226366666666666	0.05341	0.11543	0	1	0.0202633333333333	0.0410933333333333	0	0	0	0.05746	0	0.0170566666666667	0	1	0.10882	0.01054	0	0.41198	0.04902	0.05471	0	0.0381	0.02252	0.00789666666666666	0	0.00443333333333329	0.392913333333333	0.0218333333333334	0	0.29868	0.0271566666666667	0.00583	0	0.31526	0.0234333333333333	1	0.00337666666666669	0	0.255016666666667	0.00263999999999998	0.0407366666666666	0.00834999999999997	0.02378	0.0061566666666667	0.0502833333333333
aDC	0	1	0.0418633333333334	0.374416666666667	0.0502933333333333	0	1	1	1	1	0.489923333333333	0	1	0.978956666666667	0.02579	0.03645	0.71696	0	0.264473333333333	0.03776	0	0.313376666666667	0	5.66666666667048e-05	0.178813333333333	0	0	0.478033333333333	1	0.0228833333333334	0.563243333333333	0.240853333333333	0.188553333333333	0.376473333333333	0	9.66666666666338e-05	0.0037666666666667	0.855566666666667	0	0.01402	1	0.38255	0	0.418776666666667	0.0390966666666667	0	0	0	0.818383333333333	0.155593333333333	0.405886666666667	0	1	0	0.02642
cDC	0.0726933333333334	0.0100133333333333	0.12209	0.0726933333333334	1	0.0150266666666666	1	1	1	0.614136666666667	0.345953333333333	0.784996666666667	1	0.294356666666667	0.0643866666666667	0	0.103553333333333	0	0.0310466666666667	0.22227	0	0	0	0	1	0	0.00830333333333333	1	1	0.45161	0	1	0.01018	1	0	0	0.0287866666666666	0.0207633333333334	0.13892	0.22966	1	1	0	1	0.667903333333333	0.338596666666667	0.417653333333333	0.0269133333333333	1	0.0035466666666667	0.201453333333333	0.0137566666666666	0.456833333333333	0	0.04926
iDC	0	0.2435	0.00207666666666662	0.00057666666666667	0.0946333333333333	0.913993333333333	0.525596666666667	2.000000000002e-05	0.0701366666666666	0.0254833333333333	0.4919	0.16785	0.00292000000000003	4.99999999999945e-05	0.01101	0	0	0.639996666666667	0.34897	0	0	0.0437366666666666	0	0.00207666666666662	0.702236666666667	0.31434	0.335763333333333	0.53264	1	0.846213333333333	0	1	6.33333333333042e-05	0.01558	0.40295	0.01947	0.0223833333333333	0.00125333333333333	1	0.05931	1	1	0	0.850986666666667	0	0.44719	1	0.50164	3.33333333335517e-06	0.0381133333333333	0.0681966666666667	0.885066666666667	0	0	0.43313
ly Endothelial cells	0	0	0	0	0	0	0.141353333333333	0	0.15666	0.00145333333333331	0	0	0	0.721513333333333	0	0	1	0	0	0	0	0	0	0	0	0	0	0	0	0	0.350396666666667	0	0.109473333333333	0.30323	0	0	0	1	0	0	0	0	0	0	0.21041	0	9.99999999995449e-06	0	0	0	0	0	0	0	0
mv Endothelial cells	0	0	0	0	0	0	0.440396666666667	0	1	0	0	0	0	0	0	0	1	0	0	0	0	0	0	0	0	0	0	0	0	0	1	0	0.04747	0	0	0	0	1	0	0	0	0	0	0	0	0	0.00853000000000004	0	0	0	0	0	0	0	0
naive B-cells	1	1	1	1	1	1	1	1	0.000646666666666684	0.107523333333333	1	1	1	1	0.01733	0.28579	0.0529066666666667	0	0.193503333333333	0.0721566666666666	0.23048	1	0.0708766666666667	1	1	1	0.156173333333333	1	1	1	0.0263933333333334	1	1	1	0.0450933333333333	0.0501233333333333	1	0.05535	0.01523	1	1	1	0	1	1	1	1	0.00788999999999995	1	1	1	0.0276133333333334	1	0.10373	1
pDC	1	0.179203333333333	1	0.322893333333333	1	0.817503333333333	0.46859	1	0.01746	0.301313333333333	0.06585	1	0.721186666666667	1	0.06792	0.39725	0.02766	0.926653333333333	0.40312	1	0.576296666666667	0.208193333333333	0.12333	0.827016666666667	0.765983333333333	1	1	0.786393333333333	0.726713333333333	1	0.103783333333333	0.91619	0.696916666666667	0.675943333333333	1	0.426563333333333	0.09841	0.157246666666667	0.448176666666667	0.89791	0.278716666666667	0.906806666666667	0.312846666666667	1	1	1	0.0632966666666667	0.367063333333333	0.11105	0.365303333333333	1	1	0.562453333333333	1	0.0756133333333333
pro B-cells	0.266456666666667	1	1	1	0.260103333333333	0.61775	0.17771	0.632243333333333	0.0690766666666667	0.263706666666667	0.452893333333333	0.578333333333333	1	0.83648	0.191763333333333	0.524596666666667	0.183736666666667	0.576716666666667	1	0.295796666666667	0.257473333333333	1	0.531773333333333	0.25014	1	0.875576666666667	0.132523333333333	0.238726666666667	0.767796666666667	1	1	1	1	0.698316666666667	0.534606666666667	0.778946666666667	0.294526666666667	0.655623333333333	0.367243333333333	0.678723333333333	0.352046666666667	1	0.304476666666667	1	0.8437	0.317086666666667	0.41935	0.358573333333333	0.02161	0.186606666666667	0.8437	0.22677	1	1	0.391193333333333
